  10.  5.73164512E-09
  11.7750201  7.16789238E-09
  13.8651099  8.7903548E-09
  16.3261948  1.05738623E-08
  19.2241273  1.25098246E-08
  22.6364486  1.45883551E-08
  26.6544637  1.67269172E-08
  31.3856847  1.88290309E-08
  36.9567069  2.1093478E-08
  43.5165968  2.36966085E-08
  51.2408804  2.63527737E-08
  60.3362398  2.9603037E-08
  71.0460438  3.37296996E-08
  83.6568596  3.85216099E-08
  98.5061205  4.51637165E-08
  115.991155  5.45116462E-08
  136.579819  6.61644002E-08
  160.823012  8.30343118E-08
  189.36942  1.04636043E-07
  222.982873  1.34223454E-07
  262.562782  1.73234142E-07
  309.168204  2.24876745E-07
  364.046183  2.91649155E-07
  428.665113  3.78867561E-07
  504.754034  4.87929805E-07
  594.348891  6.23741292E-07
  699.847015  7.8917357E-07
  824.071269  9.87806035E-07
  970.345578  1.21970443E-06
  1142.58387  1.48050191E-06
  1345.39481  1.76856944E-06
  1584.2051  2.07411959E-06
  1865.40469  2.38469475E-06
  2196.51778  2.68620509E-06
  2586.4041  2.96638988E-06
  3045.49604  3.20783313E-06
  3586.07772  3.39786617E-06
  4222.61373  3.53402035E-06
  4972.13617  3.60908894E-06
  5854.70035  3.63618558E-06
  6893.92144  3.61779367E-06
  8117.60638  3.56601508E-06
  9558.49785  3.49564659E-06
  11255.1505  3.41058866E-06
  13252.9623  3.31812155E-06
  15605.3898  3.20443891E-06
  18375.3779  3.05416189E-06
  21637.0445  2.85238811E-06
  25477.6635  2.57109912E-06
  30000.  2.14693472E-06
