  0.10000E+02  0.14804E-13  0.20247E-14  0.16829E-13
  0.12068E+02  0.17310E-13  0.24046E-14  0.19715E-13
  0.14563E+02  0.19987E-13  0.28588E-14  0.22846E-13
  0.17575E+02  0.22916E-13  0.33981E-14  0.26314E-13
  0.21210E+02  0.26259E-13  0.40332E-14  0.30292E-13
  0.25595E+02  0.30256E-13  0.47739E-14  0.35030E-13
  0.30888E+02  0.35207E-13  0.56278E-14  0.40835E-13
  0.37276E+02  0.41431E-13  0.65992E-14  0.48030E-13
  0.44984E+02  0.49235E-13  0.76872E-14  0.56922E-13
  0.54287E+02  0.58907E-13  0.88837E-14  0.67790E-13
  0.65513E+02  0.70729E-13  0.10172E-13  0.80901E-13
  0.79060E+02  0.85011E-13  0.11527E-13  0.96537E-13
  0.95410E+02  0.10212E-12  0.12910E-13  0.11503E-12
  0.11514E+03  0.12252E-12  0.14277E-13  0.13680E-12
  0.13895E+03  0.14674E-12  0.15575E-13  0.16232E-12
  0.16768E+03  0.17540E-12  0.16748E-13  0.19215E-12
  0.20236E+03  0.20918E-12  0.17741E-13  0.22692E-12
  0.24421E+03  0.24877E-12  0.18508E-13  0.26728E-12
  0.29471E+03  0.29484E-12  0.19011E-13  0.31385E-12
  0.35565E+03  0.34801E-12  0.19226E-13  0.36723E-12
  0.42919E+03  0.40872E-12  0.19143E-13  0.42786E-12
  0.51795E+03  0.47717E-12  0.18766E-13  0.49594E-12
  0.62506E+03  0.55317E-12  0.18112E-13  0.57128E-12
  0.75431E+03  0.63599E-12  0.17208E-13  0.65320E-12
  0.91030E+03  0.72420E-12  0.16089E-13  0.74029E-12
  0.10985E+04  0.81556E-12  0.14797E-13  0.83036E-12
  0.13257E+04  0.90689E-12  0.13377E-13  0.92026E-12
  0.15999E+04  0.99408E-12  0.11880E-13  0.10060E-11
  0.19307E+04  0.10723E-11  0.10354E-13  0.10826E-11
  0.23300E+04  0.11362E-11  0.88471E-14  0.11450E-11
  0.28118E+04  0.11804E-11  0.74025E-14  0.11878E-11
  0.33932E+04  0.12004E-11  0.60574E-14  0.12065E-11
  0.40949E+04  0.11928E-11  0.48411E-14  0.11976E-11
  0.49417E+04  0.11562E-11  0.37733E-14  0.11600E-11
  0.59636E+04  0.10916E-11  0.28638E-14  0.10945E-11
  0.71969E+04  0.10026E-11  0.21130E-14  0.10047E-11
  0.86851E+04  0.89455E-12  0.15130E-14  0.89606E-12
  0.10481E+05  0.77488E-12  0.10495E-14  0.77593E-12
  0.12649E+05  0.65129E-12  0.70377E-15  0.65199E-12
  0.15264E+05  0.53034E-12  0.45526E-15  0.53080E-12
  0.18421E+05  0.41867E-12  0.28345E-15  0.41895E-12
  0.22230E+05  0.32010E-12  0.16945E-15  0.32027E-12
  0.26827E+05  0.23720E-12  0.97016E-16  0.23729E-12
  0.32375E+05  0.17006E-12  0.53058E-16  0.17012E-12
  0.39069E+05  0.11791E-12  0.27640E-16  0.11794E-12
  0.47149E+05  0.79793E-13  0.13670E-16  0.79807E-13
  0.56899E+05  0.51883E-13  0.63980E-17  0.51889E-13
  0.68665E+05  0.33398E-13  0.28271E-17  0.33401E-13
  0.82864E+05  0.20834E-13  0.11787E-17  0.20835E-13
  0.10000E+06  0.13249E-13  0.46368E-18  0.13250E-13
